10
20
30
40
50
60
70
80
130
220
240
280
300
320
340
360
380
400
420
440
500
550
570
620
630
730
1002
1200
1250
1300
1500
1510
1520
1530
1600
1610
1620
1630
1640
1670
1690
1700
1840
1900
1930
2100
2200
2210
2270
2280
2290
2300
2310
2320
2330
2340
2350
2360
2370
2390
2400
2420
2450
2500
2520
2540
2570
2590
2600
2610
2620
2630
2640
2700
2710
2720
2780
2800
2810
2820
2840
2850
2870
2900
2910
2920
2990
3000
3010
3020
3050
3130
3170
3200
3230
3260
3270
3300
3310
3320
3330
3340
3350
3360
3380
3390
3400
3410
3420
3430
3440
3450
3460
3480
3483
3490
3500
3510
3520
3530
3540
3560
3570
3580
3590
3600
3610
3620
3700
3710
3720
3730
3800
3810
3820
3830
3900
3910
3920
3960
3980
3990
4000
4100
4230
4290
4300
4420
4460
4470
4500
4520
4530
4540
4550
4560
4570
4580
4700
4720
4760
4770
4800
4850
4870
4880
4890
4900
4920
6000
6010
6020
6030
6040
6060
6080
6090
6120
6200
6210
6220
6250
6270
6300
6310
6370
6400
6420
6510
6550
6600
6800
6810
6830
6840
6850
6860
6870
6880
6900
6910
6920
6980
7000
7010
7020
7110
7200
7210
7220
7260
7340
7510
7520
7530
7600
7610
7620
7650
7660
7670
7730
7760
7770
7830
7840
7860
7940
7970
8000
8080
8100
8140
8170
8190
8200
8270
8310
8320
8330
8340
8350
8360
8370
8380
8400
8500
8600
8790
8800
8850
8870
8880
8890
8930
8970
8980
9000
9010
9030
9040
9050
9060
9160
9180
9200
9310
9340
9350
9420
9450
9460
9480
9500
9710
9730
9760
9800
9850
9870
9880
9900
9930
9940
9960
9970
9980
9990
10090
10110
10120
10130
10140
10150
10180
10220
10230
10240
10250
10260
10270
10460
10500
10520
10530
10680
11020
11040
11050
11130
11140
11150
11180
11190
11200
11230
11240
11250
11260
11280
11330
11340
11360
11370
11390
11450
11480
11560
11590
11610
11900
11920
12100
12110
12120
12130
12140
12150
12160
12170
12180
12200
12210
12220
12310
12320
12330
12340
12360
12390
12420
12430
12440
12450
12460
12470
12480
12500
12510
12520
12530
12540
12560
12570
12580
12590
12600
12630
12640
12650
12660
12670
12690
12710
12750
12770
12790
12810
12830
12900
13000
13140
13200
13210
13230
13240
13250
13500
13520
13530
13540
13560
13570
13580
13600
13620
13630
15000
15080
15100
15120
15130
15160
15170
15190
15200
15210
15230
15240
15270
15300
15310
15320
15350
15370
15380
15390
15400
15500
15520
15540
15560
15620
15700
15710
15740
15750
15800
15900
15910
15920
15930
15950
15960
15970
16000
16020
16030
16040
16060
16100
16110
16120
16130
16180
16200
16300
16450
16500
16600
16620
16710
16720
16730
16810
17080
17100
17120
17140
17180
17300
17330
17390
17410
17430
17440
17450
17460
17470
17480
17570
17580
17710
17740
18000
18020
18040
18050
18070
18120
18300
18400
18420
18430
18470
18480
18500
18600
18700
18820
19000
19020
19030
19200
19320
19500
19680
19800
19810
19830
